31.987347565849653
50.76541987921259
23.36883625099838
-20.038837932823736
-1.5916033633927675
33.52527101897175
33.65084660458378
-17.57589076032077
37.46403850769262
5.974912551921841
13.908430653659465
-10.42393924372453
-8.465448996938841
-13.7496848102506
20.435285843143532
-19.928765224279733
-30.816796082673058
-58.83131036326179
26.310262928551047
3.7326271682269963
20.981802052080347
5.148759480221974
-15.083937240916132
39.103914198955906
18.99473261926531
-7.996296215220104
14.364863061179841
40.10688669980054
23.321739769462848
26.802552956740065
3.123968951712164
-18.132746851234845
-35.26148516716859
14.695469844952706
-10.716948705552234
13.3404972649926
17.821282545518645
29.751595751185448
20.250373545294536
10.629791203098014
12.425769664673897
30.477404617388736
-19.385814484909933
-1.4512177340815464
-18.16683937531014
0.7479523875349701
15.442588060084642
-20.98976099269419
-9.30845372716764
-17.67168161560309
12.204416310942722
24.62965603815575
0.6853488380289601
-1.1915185935332908
-1.7741311948868552
10.76234582095186
-35.57311088360172
24.590778809558497
6.628482932889004
-60.84222729893444
58.70111328527392
-29.60342392740442
15.432008694781846
-14.304532680388853
14.07539584734388
10.713213403357107
17.130680462383985
26.98050651278514
29.7493931437655
-3.0401451964515713
-26.577794128726875
51.8943559617725
-15.14544061215059
8.5545662796638
33.30288264478699
16.198827242894538
25.013618840878237
0.6403417554039501
-8.002781264223938
-8.292245871817114
-23.335034624203384
27.65701433194436
20.53456398489532
-37.72644280982331
29.45661502026539
-51.8877714387108
54.915369043736874
-38.73675564012955
16.930506874105667
-19.039210413267735
-7.0105954227353635
-35.68092319904189
29.527158330758866
-18.271092253094533
4.26044405283516
10.07534362331699
39.43168377956937
29.702496074790258
43.28774078359328
39.847940338030575
