-50.373939211830944
-11.639169559766644
-37.348447836937524
7.749637638793352
30.42171590734867
-3.796078264565417
-3.7768525261934167
6.361052605496437
32.845394522571766
-4.370564501649298
2.8572345289734
14.927581357351567
2.7031573785113983
51.5631073748615
2.8110655637628144
11.42216937763297
-0.5056560044083289
20.710509709203745
-7.3780713723245785
50.666673253728575
15.172904441523784
-39.60171090000549
-2.862358808067631
-8.905965080010946
-3.5157916031968517
-11.700080161630519
-7.818602902972122
55.12091786665874
14.071049042946614
38.04928333173204
8.78970864530849
1.0734364613980172
-13.227866308556285
20.56366485328484
7.697132393015608
1.3362128958731532
-47.07408637705819
7.28688984101788
10.026968072960857
-12.479941395497258
6.536848652624199
-17.24579298546205
-14.917974834770003
49.33635354453209
36.65849043944614
11.511406221054127
-47.751790771688896
10.34524143895098
-24.99545261858275
48.74191893610588
47.128902465419
8.830580395977652
9.917335269256276
-26.865213290896026
-8.293457560402123
-59.7208264868244
17.64518924748863
-1.8063999406305289
12.150753091498379
-18.519263603936604
26.582979117990632
10.591306365049514
-11.40844828108808
-46.29210714352625
-14.71936077859224
-21.40133411657133
12.783108159562197
22.235340781623286
-12.401388565263218
15.944953000659249
-17.668837900510162
-39.58887609987644
-13.42386650207243
-19.638671388397153
-24.41230074392492
-2.1647366613372645
11.931686465250776
5.896948763252508
-37.9783416694664
-65.13001599291563
-2.798628899509038
-37.25576087777091
-28.979992870852257
5.747185547297857
9.071332955051584
-16.52610331487596
46.010154428914575
5.890338709315406
-53.7456505211278
15.140706065466496
16.55164427032618
28.25784712441432
-4.950047842433878
17.08582418646855
49.67495102639037
-1.1008995879450163
19.240003323824997
32.65738126465653
47.45695654414618
-5.083533808303967
22.30362236425986
-39.87576610075781
-24.85454705282727
30.62917925252794
6.200384802002638
11.746587086749184
-33.19984306004741
-33.42017295182418
-6.930548076050201
18.27543703775244
-12.295607281721454
18.022583700672136
-18.948475544473595
6.274705778874046
-10.337145297122829
-7.729661114732298
25.622997096275398
-0.4395615238183326
9.540356453546906
38.462625746707864
8.788972251827998
22.764824172569874
18.119117358763518
8.154899485724421
-14.236829535125288
-15.553760805556756
-18.488676902008855
4.768405653071811
15.813162049962493
26.829192785823935
25.389034589857552
-3.6933266404855774
-34.01404645588561
-23.99843544966674
7.4025901894514945
-5.583994835166892
22.199860384380568
-30.764980025425928
35.81371750469751
-7.209030914388881
-7.3378230144833765
-3.1481895247892826
37.67671917276475
-48.57869402432279
9.14792811508683
-30.983748880183697
20.882004283718484
-17.90454766577023
-14.78646700285725
0.3016122653630149
9.289601891988033
14.539692209080028
-23.041268381473174
-39.163723752091016
35.9104847035627
6.110497196723869
-6.054441760877214
-5.3813045966505575
41.26226828036554
-32.370164547117085
16.388778743423487
-15.79986300523085
4.263498687340013
16.307394910749615
36.61958518702343
39.15205429018849
10.883708280733957
-35.573761267419734
-5.443314951961325
46.42162094884709
-1.0148791277158091
22.043569379043042
-17.445694577572553
43.037842196732086
-29.586891888867303
5.289334783623268
-18.164087871359516
5.86204842612571
5.357899395327324
34.55495626745405
37.25494965518747
0.6874620834167653
-44.17345443759373
3.429808928152627
-27.914438604951815
-4.60150028558005
6.523106291080451
26.079647091109738
-11.456422085687207
-47.57651826660796
8.073884778882203
0.7592731401546586
14.092736462664476
35.05782921016281
1.6819615968554578
13.18234835536023
-0.30083259083417957
-42.74400876928263
-3.8627352186505393
37.93131795467278
-1.8642568742899779
20.459951908432952
-10.53246467204325
-41.12330152207595
29.005017782054715
36.48152799429732
-31.03247149223423
-36.39547815798316
-11.816983322064724
30.991867935268978
-35.56828611933965
-10.71492044338137
43.47140108114415
31.099221898354937
-0.0040127999669508085
12.170256048332114
-17.3883586458191
-11.844065176511657
-30.554162828551583
12.697059815625957
25.317374750213922
56.89769797830929
10.961132684549927
5.01867450565269
-12.052166006008965
-11.9344540961685
-9.490264713524704
47.06625431235629
-13.019376283931148
10.58389526804377
-4.506343259088487
29.383496313517075
-7.50459043722072
5.505131406164281
-30.187655981579432
-18.422841705489205
16.026622514019774
-7.300724140380973
-10.602782602588954
-10.673354249311537
-13.147925366936448
44.5852425692155
-0.9993205916854291
-18.98609508723288
-54.085648089215375
-26.741874839214876
10.828260138428309
55.38503846238434
-27.60639082003709
3.110564545906251
1.3739397468877697
-39.976710598869296
-18.842681014432717
-32.00907269235967
53.715019431839984
-5.501506553707901
-7.126478151190637
6.74754699292642
21.465667933551163
-46.19106854715752
-38.83340765360412
18.250233219695108
19.6392090817752
-25.37024988393655
-2.357441807169592
-22.83897572101654
-17.46651659111747
29.419696764412844
18.201242480959237
-44.14067404084831
33.13533825523474
13.97028346445952
21.40043079336071
-40.45228315065376
-11.164182108116446
48.77287491905072
29.236745496923188
2.6948878779741117
-43.77435269617304
12.244125535905564
-34.722044952121294
11.226134655416526
31.43117485137773
36.412844856479815
-28.574896048444234
-0.6115856168525915
0.18553189651056767
33.351838165627456
13.026462476144973
34.56490474727544
-14.780240189654378
13.719943452204364
-5.261182175738801
-20.865110385375402
31.47035306897797
-22.19700661077163
-80.5569010987186
14.789866369179007
-19.690081398077943
31.494333670340268
-5.469155340820967
9.205434635323268
-42.60815623218701
-40.859752454714034
-2.442224585208198
11.33193675347823
-3.034774531184129
22.743014532960352
26.498341051271623
-80.3089867133298
29.491977054658122
-2.8596824321166983
-60.26357614786582
-7.148970903463422
-5.020250907269709
9.586567134858694
12.990154909662888
29.575967049190513
-11.288417037884038
37.94519366145327
33.1292577975125
-18.070659111864337
13.151282733931428
4.189120599763224
-27.00043717829041
21.648051598731264
-0.49147969472914177
-1.4162392920170586
6.086401363997476
-1.7676361838639196
17.288852807737804
-26.931799316271032
20.751098883700067
17.83903989006725
-7.130424748897328
-0.9413663673459993
-52.34173538747385
0.2539415801593006
-22.621998510849828
30.179795461850375
7.508419377344051
-26.021297784903965
-26.27075006511084
-9.822170819639624
-5.3548833972629275
29.445806743457396
25.253372348331716
-1.3810972872521896
-32.53384117085781
33.98884777022393
18.004308453152408
9.334447259401347
-8.16491469766642
30.809532754552507
-3.403563170004749
65.00233994843184
-33.09587642368705
4.621927076903626
16.072578910341704
23.057911850676266
9.99495009142272
-3.343095917484269
1.7801626266574284
-31.57860696008995
22.611785221511106
-31.00566425607211
10.908148655478874
29.465988044448412
3.6352412609762554
-21.660686554861492
7.932538857668739
16.984905106324383
-21.36327596409136
-11.063053133603539
-24.024754346366684
23.819556718138017
14.739893657759364
-64.18214599537244
-2.6451558762393352
13.354687685196845
-22.578807177010717
47.2551833963635
26.358942491623836
-8.5428981743359
20.3384684514052
19.876566331268773
-11.951265707412256
10.508518894256579
9.954269959451294
-19.465676788895816
17.311647570056138
-6.924965664740673
7.861410928509179
24.90186872697765
25.81027320110409
-0.8011728465643069
1.2990513808453386
-17.95354873346853
-22.196830973419754
-14.944606789667183
-25.236852226854268
40.22988990465377
11.462901272680526
-0.8602777837558047
17.7627107006967
3.2088478023384877
25.95323803903189
3.6187036917296203
23.99354234730088
12.512069361629754
-23.501592150215473
-22.136739798903637
-7.9879401201425235
32.30873882418867
10.576756272949831
43.872016595511916
-11.279105586474957
2.6193548684795323
30.111155170550674
27.870788748857798
16.89620352311648
-7.899048652240294
-35.364072663784384
-22.633277577365735
8.074947796262549
22.92279999513618
-28.70377218193811
-1.9610994888867488
-37.808499406036276
9.543470351317856
28.693019874508312
8.130504659969178
15.825977413964289
-17.099732199118694
-6.740702372819548
11.739052978713804
15.055691634268623
-4.330291375771921
32.82200618906269
-39.28287845141331
-23.646800308481172
-6.723753078448167
17.098196003818728
0.5663823173812008
0.38926020015233
-27.778477665319524
34.45830127152132
-35.1306034308659
8.967583820972479
9.863201843956709
-19.379129530622098
28.224292027865044
-15.083243903205052
-10.879014746456283
-9.161980721702825
-57.176262304948764
1.2633743904401924
2.414140148027954
-9.762190225906433
4.849680968565817
9.89545763117655
10.694851680980367
-4.467692112051318
19.93840609953775
-5.254792908619585
-5.7454802652469485
31.55474562017021
-41.94986192329861
2.826599544342391
-25.999073306186308
34.00876101067237
5.898243641642752
-18.644052587232956
70.04132533733926
-30.48894178948347
6.899651531883465
-18.6197445340167
30.188052574260446
-14.226102185784868
58.07599202217156
-2.346440729573037
28.156855505366867
-26.062669832235937
-6.173561120393938
-3.452764520878431
4.6311039897230595
-1.365064576598753
-13.689149369656027
12.359000148759144
-20.495785984860095
5.695928379604795
-13.239730625090731
22.66812662102716
-38.16169130140151
-36.5932283260111
6.903095130005946
31.589350086440852
-31.162527510791513
4.251754879671902
-4.49189601205241
6.983487345805411
-43.79678903352998
9.595681815582635
37.67922305690378
46.503882514248325
2.31296298267087
10.010187611035217
21.477522771659952
38.20525253670947
-42.06611641985854
20.953324848230157
24.185423802135702
4.624381997664826
-12.354619178094556
1.4839238503308092
49.192019987054444
29.779410183144915
3.5656014014356563
22.208467793072504
42.318070674129444
-6.0624778370052255
9.822570270021455
36.43835560706721
-29.568768868288828
-20.534712729460644
16.17484003317729
14.503650335941058
-0.5545745526948416
15.893502098141358
-6.614040528655632
-18.009198976723294
-2.1870186094042436
24.981383455374342
37.29977492608936
8.531234162574824
-3.4775454689390344
6.407176353620562
-8.956472017208299
39.86130963573483
-32.24569410246165
44.42953170544404
-33.965260650734535
0.9500494724603001
25.747723355049
-8.578509828683687
-4.7547910661168356
27.961991610924727
2.0828853562215293
-5.347783564371213
-13.078777257121695
35.03479749553956
-11.75039090367102
-23.300986432969395
-10.230371931564848
-2.968251310151161
-7.787198014759376
-29.447341633787467
1.0031986334371923
19.331429951717734
26.309162638732797
34.55307643715925
12.202542181728429
3.5880567777447916
-4.679594009018973
17.309368947912304
-31.321648202764045
-26.796055680633202
1.596938731611641
11.813098169474781
10.94388272614692
-13.660349284481878
28.00770530875602
-23.3424948711818
1.6853452374482627
22.874414289897647
-9.02779125504047
15.00217317204605
-17.928367385564368
36.1353713650961
53.1483900015123
26.658005183474575
-23.76371982451105
-5.181833949909652
-28.524495065325606
30.767088166363042
22.61977442720314
30.724046832168053
12.559881454175315
-16.070623754463547
-6.045782140468836
-1.1597112691552733
30.069318917747747
7.720309284497286
21.262785366049627
1.0017613484304355
-35.94792040629057
13.642147327176428
12.577123877545699
-15.498040808527453
-29.20020724989318
11.530744505187675
-25.463732022796925
6.971080307604367
20.951774815730317
52.10108774707618
-46.1152517832493
-16.978625221473884
-2.4811058908157415
34.06670631945695
-21.175244499649857
-28.16922823145644
-27.5444504622077
11.170857579722961
30.572364194541233
14.534480625033387
4.345168055314411
-2.8653877892039077
40.688583234970174
-10.79838751211039
47.0527513810324
25.150672636471082
-1.7040247927918024
23.045284506483455
-17.195476423361985
12.15740999505612
3.787499692599142
12.93386881431177
-13.415408631620473
12.785751379328476
8.92632977586904
-18.72837023023775
3.6038858578844657
-24.510730200059058
-1.5715744530921327
-10.40843165039039
37.25613618059215
20.229240559565767
38.585117565689636
8.383016479005132
51.87019145867099
11.77957619581578
-20.359032918175718
-13.369029219420224
-1.1050596541025124
23.26083872411966
14.141168330374168
24.029197941164703
-7.59018085573061
12.215874710189322
3.103194210143398
-44.80472895104873
25.102075579629975
-1.7605749879114843
24.624150258988053
28.80481236105988
-40.47911200941416
27.65541090730007
32.60530188257687
14.383582830706395
61.47628907025354
9.724730835739628
-17.445064291628796
5.356389642820654
23.37364656956754
15.52407130906586
13.997199916345794
20.610605880598285
10.597692222362397
-5.959401846825297
32.8733062124729
-2.9116113366764065
7.091523332972976
33.69670318991983
6.838234258998632
58.24199690623719
3.0086440618158536
13.845847859837711
-18.123390620328028
15.821870483473967
3.0761542017928862
-24.35753500383445
-21.95477804199217
39.54333887614415
5.2583288126564405
5.077112520700643
-31.79179756207086
-13.434189000347773
-2.6556607346033205
-8.735258541439002
1.4488591853600834
-29.11961749586628
-23.930705844996332
50.3067390062315
2.635232201998059
-26.161578874485215
-3.6938227391847764
-9.538515222349227
13.433117685490862
58.438319984282316
21.176379837121882
-30.68587538849951
24.18407846142938
20.727116484694214
-25.509869466331523
47.49408615286023
-25.118299361474524
-37.38801268861625
31.38213977539806
24.208683572743734
37.659540410433586
29.134649251953846
25.310590851781928
3.705323734405548
12.836955286286107
49.456340673745565
49.9616934340735
31.887503314785356
26.581343042211255
22.59104100010936
-23.743315685748257
-27.34817795314626
-21.385257089373706
11.323776572003453
-16.567099437122124
-27.20888726393356
65.9903355272923
47.22078981303589
19.297454284996043
24.570537041734617
13.362256954790771
-26.706656008463206
-23.772016016650607
61.06231730303788
18.880491710414663
61.962522759912275
54.21410868607924
59.34420839994041
-0.25409945316321236
58.72639800864573
-27.847794561979708
-27.924255778300456
-11.385038475331262
7.606280974201871
-6.569693592058847
16.494696174782003
-23.59003942844343
-20.691035310239737
-11.463013538100826
17.80159541857946
16.317080358901684
1.8706074403670108
16.244723160093727
-56.25870821205857
18.47258454666701
-40.095210242581345
9.152571478510101
60.269765210591494
-5.821862805523559
57.551654049636554
22.24701372138478
21.72867761751565
30.224766901975922
-19.93029307086818
40.29334592672471
-15.352738963881855
17.9713017822917
33.08928067909181
-33.06421004248534
-21.53536286283385
45.601961734782044
19.38494894716692
-19.160864131982486
-2.934506606742741
13.705625174991573
63.02003649163791
5.928673600256726
-19.0115062853537
25.615308715322314
-6.04718749997242
27.82906577922059
-20.600302891781208
-40.2067066272737
-4.411979633982008
7.146438024250163
2.6091648233948392
25.019851586456898
16.748893773014697
-10.80956071022791
-29.095724407738924
31.933158872732555
9.755883796180129
-44.47592977068306
-39.63563077846161
-11.853870345222166
8.043079548332315
9.624970322834617
-33.176947910958525
-5.097814410885589
40.24456744426309
-7.269403030744737
-1.117603271670958
-21.16870986685638
40.70992887699677
16.59295461537046
7.0807506462391885
0.7728528085332502
0.4129096811572619
-0.3682201279341393
14.39750566191381
0.8943696141989863
-3.6848024807813866
18.241697901759164
6.586298268663091
25.6052508110594
-2.575287297990135
40.33395279482416
7.626783764037848
-10.806995704354133
-6.58265214650109
-19.952580368035964
41.21300790018393
-14.290387609919634
3.908839721993094
-5.5508932990899265
-4.103377145852936
32.848647770071366
56.575115368098494
9.490933685952292
6.386813372404545
9.072128940213727
25.619581776449262
-1.114518733850974
-12.159661943917584
26.736148733608417
15.140610514656338
-15.911088969238701
22.872450872113074
-39.937817546941005
-27.124621622529844
20.608938883612236
44.055406659361296
62.8339061733612
15.159028401048298
52.09299362973619
-27.672873574756302
-39.72526890805945
-5.893055349083121
-10.572276922079412
12.20825454318293
-17.372966608262175
56.655394962420665
47.011320836960316
70.10717951257442
-5.73178903171544
19.093907594184966
5.600293190800047
16.422589199351222
5.771775705079481
-10.233745681147488
7.405190861321002
-23.756675307310406
-18.145110995094043
-39.68463244259088
3.286806638941185
34.326856403573714
-6.802089010570015
24.915790171644385
43.562768889032846
-50.284585667064654
4.060014663114908
-16.66418492804795
-42.346898015916295
28.753704677492873
-70.93265346325326
3.5399873018544423
-8.890996075848875
-14.569829082635135
-9.003955191392077
-15.893468115095324
26.10549384983388
0.33896405671280805
-4.6546976592886855
20.134161790279773
-18.36786495682851
-18.33113444321286
-32.47857585457964
-19.457608939620858
-13.699514755994809
28.686180339588304
-32.50932123453258
-12.249988455919802
20.5170548003479
29.840197575481152
-5.637926762757272
-11.657632309721707
23.858890408888758
3.4316760930887167
-6.8933710181373336
-52.496108290385926
-3.838225578880577
26.407421962668636
-10.575302268679234
-12.161297027626285
-40.36946911597109
6.067179748189137
-2.8157976694474804
60.773544477960286
6.10220616875523
-17.121107501431496
-10.181946617580353
0.5386230120867566
-9.083830578620105
-36.03321102528302
18.325433368002173
-10.456504890241503
-13.31131441875471
-24.937920193124626
-31.1859929567034
8.107372486138985
25.379883985327282
40.394948289549305
-13.953586256310057
10.22732916578141
11.468432548165802
38.125465059096676
-13.172306374021915
-3.6851661658055317
-18.335200447536575
50.52732504982311
7.389027408046411
1.364640968478817
6.607082734711151
2.0084335756091036
-26.613440842049165
-15.376437154706874
16.885053230315535
31.35883515620774
6.373068327517137
0.5426856133294
-14.741784245216962
-11.105744287226392
14.199232828879687
15.138315354121039
4.503390292832339
49.16899528077012
23.093604391331198
-9.560371696449756
7.175651444656231
21.12474880764565
20.0892311543354
-5.4601367570352615
22.001596257158035
-55.312895010476105
-6.530436291936493
-10.941728456559145
31.0170793084581
19.828096094051904
20.362437974814934
19.96604986604125
-20.89534413605275
38.72007681560908
30.24419104904175
-41.07651152613484
-30.800197935885762
-9.051827026766448
-54.24083504951724
-7.059761385158154
-15.574534111402563
18.138783459533627
16.034807446185187
-24.40942690605313
-71.63347219296979
-5.002882711661155
10.434237480369347
19.1506225334253
-27.301005894926966
6.2001262985003285
-13.311787319330197
-7.691457038789588
-28.73447169197313
-0.9178575774901563
13.090007856339088
12.167742246066398
-6.922099907265345
-11.397561299566405
-21.827089280549178
11.274865699204412
-3.926879101132922
-15.273991160917515
-36.793534974451944
-32.417977215065136
28.72540163245167
29.99848362782787
-53.917676473225676
-28.092172922983828
12.128713701466934
-34.410695754262335
-10.43748350570839
17.379238346526762
4.187972218108287
