-30.132919930017337
5.455636046123819
-3.3225188435276243
18.110756080781126
-23.467439715471667
-18.35965112210431
19.505920241172483
22.32996464492223
-43.13174652784191
19.698646382750134
35.40130106424468
-5.940681619422082
-28.081529222312636
0.48830254582980914
-14.247168220866794
-3.8970643945006067
10.36088381813435
1.5924274689539644
6.780712051483415
47.01702805303766
6.638459071758176
-33.30430373871389
41.96553835295921
34.44696783994361
-16.192374008872843
-21.53863558364646
-5.7829992194777375
1.7670095682143978
-16.917584911278855
26.86019805835032
15.89747012820745
-14.85600120594712
43.18506965161658
13.677217298405388
29.556457633990284
-2.071478791045072
-84.66388893014724
26.278709807697275
14.694439234426873
6.287325199111846
2.0901887045811414
-11.972933454446787
32.32023786765993
-13.190092475386482
40.446692304233146
-2.3672276530013443
5.271808749095219
-16.380598531021825
31.023245117608187
-22.963352109811808
5.285811417495028
4.9819477354401815
2.299851635560344
-25.225963834127963
14.339476019965328
22.999055157596864
-19.986770010372243
26.58548172877518
24.73421713406589
1.3186281328360991
11.131088270326027
-13.132422478854906
62.80058147206704
-9.953888211654533
-1.694313430143239
-24.144169842138094
77.47681201393465
9.259090513390234
30.589570613821753
-10.958464009622084
-22.86242151914942
-11.490106002963259
32.09663551619717
5.461948362085764
-10.94669443527
-20.90292132360965
-8.088524968106881
-11.088305816612806
15.904748804497089
-4.954644809522568
12.254605570245229
-50.71118807774019
27.9609642707271
-4.767678962715413
2.7464520955182827
29.180563109561778
19.809087368135497
37.378637238331834
-3.6173612530109196
19.079007802024098
45.58995554448802
20.434906085634246
-26.904746359992817
-8.651078035233063
-17.281934721489968
-14.223118343588038
-2.750314380621634
2.148831279716664
-79.81530491208613
27.239171119550875
-1.4812280169804732
8.598884272112173
2.599737218708183
42.89977488097794
-1.443831970670301
1.9701812665931733
-10.754079790705058
-9.671235710927816
51.439371864569594
9.817883312423454
-0.01725337568938734
-3.687427472604873
9.739547190731226
37.454765002505944
37.04857465597328
35.554566127876676
-1.936209045546709
15.275982795131085
8.470007421403855
31.673268516107278
10.427759054948472
-8.936484077826552
13.991998103060832
36.48198348296819
56.01032808878453
2.199609766203533
-1.9829379313826325
4.059377658644761
22.27306840183165
-20.570981674021283
34.73380893501718
-16.47140198238682
-22.186559894430477
38.71918573618772
-1.707430934903455
8.621954444348443
27.068361116576565
11.469072324452954
-68.76439828206648
-8.150760284909248
15.183176705153448
-15.788176682458428
-44.58612103701371
43.16224666947126
-43.26159619551354
18.62020481855812
-4.502949858172275
32.03693299800201
-24.563615081095897
34.65935306933532
5.757419733138008
1.418597339936332
15.864361953911155
15.84459234874677
-21.728423244864736
22.767324700609127
41.573584981613884
8.181090183646257
-17.047439676937255
37.11231263552373
10.61161727567581
-5.512093266815867
-21.249893673512478
6.361413746508309
34.41922923300122
-28.34113571336483
-10.939032642984863
19.97288358402478
-15.584040856169143
-19.382970005438253
-5.755163390552701
16.90986899728389
-11.37155768836143
-23.7837963516524
3.760281964233523
-2.9982492026979832
8.74806398668905
22.07700386687312
-12.631474691999335
24.36109011033876
-26.69979719234893
-0.30754052442866
3.8081775253148917
-30.50345137684034
11.849849714737141
-10.79935950572475
-9.587052698685705
-6.412453224595888
-48.72636588113906
-12.756321054342225
57.4323717303416
-6.260315477770556
21.28473560382705
61.534787049415684
-8.586960802866267
31.09743544491225
-17.36378915861299
-19.989304963439775
16.7372346816128
-32.130718313635796
