28.658199718127918
16.302215174347612
36.12535534027607
-13.575039911748851
-29.36511198963925
49.194383783731276
-25.352226339191223
-48.50943510603736
31.76633276756861
-2.3047559998635103
-39.3578960945283
-36.7355344919529
13.401620807267662
17.974812362454777
28.32813497816936
-27.033664413065253
-22.872169228452414
33.0025813376827
-14.15055430412513
-20.128345142590298
10.052088218159215
-11.920460198162154
-34.25660323863013
-3.2278098562489888
55.17502348209313
-3.736048993525018
-7.652277405774459
-2.32751945782178
-32.25550851209692
8.042906525422126
34.18621951766899
-2.5111361715277765
-17.846412118056822
37.59412617983612
38.797397672666825
-6.444571170682288
-26.00534054306022
-8.061819433738775
-26.743857772609026
-12.56613034372411
6.793240646478012
45.82774097624361
-0.49740212503751824
14.691820477674709
-5.652693382527484
24.311809271235578
-28.106222978324976
-6.12723618718748
-21.061723691661822
0.19682957600825257
-32.12654665755784
53.80050276125711
28.34984012277736
8.13611003442022
13.415557715556734
29.133914897321752
-2.325612107494961
-25.88190059859466
-21.114307885339336
-22.367887437926264
-38.46894813829938
3.56359072400861
-21.53306896598842
-14.326420207155767
-4.302942822139461
-7.200000097325972
-5.549758514842542
34.63493441291009
-32.84378034539565
26.696988725175455
37.924587545094056
48.73637201747918
0.5322869914473558
5.628027798023249
-10.4764286074009
-15.502260739575885
-7.650375604858413
43.49742459516838
-12.337868125434468
22.72434473195672
34.77691742193687
-27.5102203030353
9.904551638897646
-6.776496540946107
1.9558887535682445
9.935867568926025
5.150046670373159
24.655448413236368
-44.238514350990926
-2.123542872739524
-12.49865025160195
16.80903578603479
-22.67958931166187
-49.68903201829582
-21.055824716103082
52.15176665750087
-46.10997093503253
-24.447321547192388
0.693658452546881
-44.22960863869509
27.079865646368376
4.841525606880518
22.746207189397175
-10.15690588541783
22.76974578678016
-16.45817997110875
9.178339852749396
-18.26068818443078
-3.9924612895297935
39.57276010997452
11.942209811334516
29.504510217243123
27.8241562926908
-17.80881141214939
29.297145061914847
65.56702419577493
-17.157415597683674
19.450371434117308
-5.138847233970768
-3.8423653870841825
23.741383163550466
6.899199487995989
-13.224352580339662
30.39138043806923
24.28415508148117
20.73588620223452
1.9168487127229163
44.57281121655343
41.29320617851676
-32.47408111435473
-30.290943966645962
20.114110327104246
36.23251696538119
16.787739336976028
21.305495822768425
-2.63719572353088
-11.839754545631584
1.2151476410917894
-15.933134805741012
-8.204627897768729
1.7303284362690456
19.548120501815987
44.32091814297911
-5.389657582420647
-20.890145631058708
1.6104573696663735
33.88856982100215
-12.098832850558457
25.483763546762614
39.01978133097539
6.198307569228911
38.5093661305381
-4.261923452212501
5.354842118342262
6.544323664735779
-16.34707827406557
-14.91218150334969
26.242402788003456
2.9759095756971137
-6.37450358597188
-30.236146330405866
22.65832015189571
-7.887745108650787
4.577485354680157
-19.7966242834634
25.58974329473472
-41.77401946787211
5.9035860548201065
-5.782770381918201
-7.016078034189922
17.254239309362042
34.12046265338615
38.72065558226767
16.04547001660188
-4.692008883117249
-6.279678792120192
28.722777830342707
-7.846430330278492
1.415620880297494
-0.8108469008868613
34.364649276579165
-9.951449767176607
5.423311433036999
35.001092068325285
-15.161785649080581
4.769224380979946
10.716017206957543
15.73156771237013
-6.641764513757028
-18.098722029309997
28.108466681483083
-0.3737291706778243
-8.88082116098003
9.517965913335829
48.217839451709175
-31.678743612303023
-2.7043591513923024
-11.681634581104907
51.201319065955026
-4.4972300453415315
-4.309385478013333
-10.67718700784887
29.525448454466517
57.56075206921999
2.576364641801312
-15.283088647658516
-22.510802907688884
18.136928763777412
19.628618425303006
-2.217671549662626
-50.31327192293796
39.56604248183024
15.186443351214233
23.686104772623025
25.314765747791217
-18.1292341202511
24.677792902508205
-19.72293605170581
-1.054417869238475
-23.3817109699385
34.74334165326373
3.006320386767422
50.21005830386036
16.665853568681243
-46.36064908274614
32.176105229025396
43.5004986087282
-2.5594731434412354
21.246406531968717
2.9790920926465665
13.82878234977162
1.4355570237078064
49.52973426634355
23.320096540200637
1.862855838741806
-7.7034236278834705
12.6774507293444
-28.83340969342863
-7.413465427458748
17.029118272885587
22.110751534981777
-68.9383797783291
-11.621222658983786
-19.341416505129985
14.54440513997815
-8.858472664299631
20.433100023224387
12.46852148104455
37.49395779081331
-9.443511328964945
-10.405725337078477
-11.949336494288374
6.9193000821295465
-27.74388483659329
23.49488439321685
-30.328963721405962
33.70487249913048
-7.696476232560842
38.38404651610768
13.348819362602972
-4.806713845494117
-34.60363455810827
3.5530009569081225
9.263074264172001
-24.486622863099
-5.6031060547762594
-29.61834746250018
-2.1341157692546
-2.5178940475464593
14.254708958293028
-89.25348304907382
5.990381191155677
10.041214817677172
20.394844731035594
17.86889439936155
12.113511227492825
-18.44388745579187
32.553201194456896
2.0497873032930594
-26.197212558022994
4.1090820835030435
-35.03434770246967
-35.963461262466254
-12.198390503034588
-17.287741718277005
-14.520396372726761
-10.736325149087053
9.260360413512393
-26.633632210530774
-15.991801196927401
-21.063047668085876
29.262559960966342
25.463130402190146
13.687758379520423
40.46460465260977
30.44953184482574
-6.0450493954474975
-42.40914486967634
-53.341167674149496
-25.117632104323274
